%新的方程4个值
%%%前六行是左边的1 2 3 4 7 8列数据不要Insulin，后六行是右边的数据值
p_IGF1Rbeta=[
    0.027626518
    0.052902348
    0.729384517
    1
    % 0.329269738
    % 0.449478958
    0.067531333
    0.067678133
    
    0.951858936
    1
    0.782934435
    0.09732001
    0.0702768
    % 0.065742299
    % 0.062000965
    
    ]./3;
pY1068_EGFR=[
    0.906171095
    0.203118789
    0.781838721
    0.250915669
    % 0.837991867
    % 0.261597793
    1
    0.402168322
    
    0.804109842
    0.144802392
    0.119228964
    1
    0.920563507
    % 0.179517845
    % 0.086195384
    
    ]./3;
pS473_AKT=[
    0.174679186
    0.152572273
    0.870388029
    1
    % 0.678383101
    % 0.656721923
    0.306485339
    0.19253612
    
    1
    0.752289884
    0.85752886
    0.423382112
    0.38971722
    % 0.236770154
    % 0.059293523
    
    ]./3;
p_ERK=[
    0.496913113
    0.398456626
    0.723621303
    0.398034564
    % 0.791202685
    % 0.414019595
    1
    0.549011634
    
    1
    0.615204139
    0.446474226
    0.961310059
    0.920207701
    % 0.761166317
    % 0.316912138
    
    ]./3;
% Exp1=[0.65,0.88,0.66 ;
%     0.22,0.53,0.59;
%     0.16,0.36,0.51;
%     0.08,0.47,0.4;
%     0.06,0.33,0.14
%     ];

Exp1=[1.0000    0.7158    0.6036;
    0.3385    0.4311    0.5396;
    0.2462    0.2928    0.4664;
    0.1231    0.3823    0.3658;
    0.0923    0.2684    0.1280
    ];

Exp2 =[
    2.1673    0.4955    0.8517;
    0.5171    0.4562    0.9125;
    0.2956    0.4336    0.4867;
    0.2462    0.2928    0.4664;
    0.1970    0.2083    0.3041
    ];%AKT GSK Gal9



Exp3 =[

    0.7158    0.6762    0.6036;
    0.6842    0.6667    0.7748;
    0.7789    0.7714    0.8468;
    0.9263    0.7524    0.8559;
    0.9053    0.8667    0.8739;
    0.9684    0.8762    0.8739;
    0.9158    0.9333    0.8829;
    0.8842    0.8952    0.9910;
    1.0000    1.0000    1.0000
    ];

Exp4 =[

    0.5456    0.6624    0.5086;
    0.5926    0.6804    0.4955;
    0.7713    0.7609    0.6651;
    0.8654    0.7609    0.6780;
    0.7996    0.7878    0.6259;
    0.8466    0.8594    0.7432;
    0.9312    0.9489    0.7563;
    0.9312    0.9221    0.8997;
    0.8842    0.8952    0.9910
    ];





