%第一列是EGF的浓度，第二列是IGF1的浓度，第三列是EGFR_I的浓度，第四列是IGF1_I的浓度
Cond1=[
    0.1 0 0 0
    0.1 0 1 0
    0.1 1 0 0
    0.1 1 1 0
    1   0 0 0
    1   0 1 0
    1 1 0   0
    1 1 1   0
    1 1 5   0
    1 1 0   1
    1 1 0   5
%     0.5 0.5 0.5 0.5
%     0.5 0.5 2.5 2.5
    ];

