%新的方程4个值
%%%前六行是左边的1 2 3 4 7 8列数据不要Insulin，后六行是右边的数据值
p_IGF1Rbeta=[
0.027626518
0.052902348
0.729384517
1
% 0.329269738
% 0.449478958
0.067531333
0.067678133

0.951858936
1
0.782934435
0.09732001
0.0702768
% 0.065742299
% 0.062000965

    ];
pY1068_EGFR=[
0.906171095
0.203118789
0.781838721
0.250915669
% 0.837991867
% 0.261597793
1
0.402168322

0.804109842
0.144802392
0.119228964
1
0.920563507
% 0.179517845
% 0.086195384

];
pS473_AKT=[
0.174679186
0.152572273
0.870388029
1
% 0.678383101
% 0.656721923
0.306485339
0.19253612

1
0.752289884
0.85752886
0.423382112
0.38971722
% 0.236770154
% 0.059293523

];
p_ERK=[
0.496913113
0.398456626
0.723621303
0.398034564
% 0.791202685
% 0.414019595
1
0.549011634

1
0.615204139
0.446474226
0.961310059
0.920207701
% 0.761166317
% 0.316912138

];


  



