%第一列是EGF的浓度，第二列是IGF1的浓度，第三列是EGFR_I的浓度，第四列是IGF1_I的浓度
Cond1=[
    0.1 0 0 0
    0.1 0 1 0
    0.1 1 0 0
    0.1 1 1 0
    1   0 0 0
    1   0 1 0
    1 1 0   0
    1 1 1   0
    1 1 5   0
    1 1 0   1
    1 1 0   5
%     0.5 0.5 0.5 0.5
%     0.5 0.5 2.5 2.5
    ];
Cond2=[0,1,2,3,4,0,0,0,0,0,0,0,0,0;%AKTi
    0,0,0,0,0,0,0.08,0.16,0.31,0.62,1.25,2.5,5,10%GSK_I
];

